0003000000 0 BB_CREATE 0 35.000000 108.000000 342.000000 400.000000 1.000000
0003010000 0 BB_MOVE_AND_RESIZE 35.000000 108.000000 342.000000 400.000000 1.000000
0003020000 0 BB_MOVE_AND_RESIZE 35.000000 108.000000 342.000000 400.000000 1.000000
0003030000 0 BB_MOVE_AND_RESIZE 35.000000 108.000000 342.000000 400.000000 1.000000
0003040000 0 BB_MOVE_AND_RESIZE 35.000000 108.000000 342.000000 400.000000 1.000000
0003050000 0 BB_MOVE_AND_RESIZE 35.000000 108.000000 342.000000 400.000000 1.000000
0003060000 0 BB_MOVE_AND_RESIZE 35.000000 108.000000 342.000000 400.000000 1.000000
0003070000 0 BB_MOVE_AND_RESIZE 35.000000 108.000000 342.000000 400.000000 1.000000
0003080000 0 BB_MOVE_AND_RESIZE 35.000000 108.000000 342.000000 400.000000 1.000000
0003090000 0 BB_MOVE_AND_RESIZE 35.000000 108.000000 342.000000 400.000000 1.000000
0003100000 0 BB_MOVE_AND_RESIZE 35.000000 108.000000 342.000000 400.000000 1.000000
0003110000 0 BB_MOVE_AND_RESIZE 35.000000 108.000000 342.000000 400.000000 1.000000
0003120000 0 BB_MOVE_AND_RESIZE 35.000000 108.000000 342.000000 400.000000 1.000000
0003130000 0 BB_MOVE_AND_RESIZE 35.000000 108.000000 342.000000 400.000000 1.000000
0003140000 0 BB_MOVE_AND_RESIZE 35.000000 108.000000 342.000000 400.000000 1.000000
0003150000 0 BB_MOVE_AND_RESIZE 35.000000 108.000000 342.000000 400.000000 1.000000
0003160000 0 BB_MOVE_AND_RESIZE 35.000000 108.000000 342.000000 400.000000 1.000000
0003170000 0 BB_MOVE_AND_RESIZE 35.000000 108.000000 342.000000 400.000000 1.000000
0003180000 0 BB_MOVE_AND_RESIZE 35.000000 108.000000 342.000000 400.000000 1.000000
0003190000 0 BB_MOVE_AND_RESIZE 35.000000 108.000000 342.000000 400.000000 1.000000
0003200000 0 BB_MOVE_AND_RESIZE 35.000000 108.000000 342.000000 400.000000 1.000000
0003210000 0 BB_MOVE_AND_RESIZE 35.000000 108.000000 342.000000 400.000000 1.000000
0003220000 0 BB_MOVE_AND_RESIZE 35.000000 108.000000 342.000000 400.000000 1.000000
0003230000 0 BB_MOVE_AND_RESIZE 35.000000 108.000000 342.000000 400.000000 1.000000
0003240000 0 BB_MOVE_AND_RESIZE 35.000000 108.000000 342.000000 400.000000 1.000000
0003250000 0 BB_MOVE_AND_RESIZE 35.000000 108.000000 342.000000 400.000000 1.000000
0003260000 0 BB_MOVE_AND_RESIZE 35.000000 108.000000 342.000000 400.000000 1.000000
0003270000 0 BB_MOVE_AND_RESIZE 35.000000 108.000000 342.000000 400.000000 1.000000
0003280000 0 BB_MOVE_AND_RESIZE 35.000000 108.000000 342.000000 400.000000 1.000000
0003290000 0 BB_MOVE_AND_RESIZE 35.000000 108.000000 342.000000 400.000000 1.000000
0003300000 0 BB_MOVE_AND_RESIZE 35.000000 108.000000 342.000000 400.000000 1.000000
0003310000 0 BB_MOVE_AND_RESIZE 35.000000 108.000000 342.000000 400.000000 1.000000
0003320000 0 BB_MOVE_AND_RESIZE 35.000000 108.000000 342.000000 400.000000 1.000000
0003330000 0 BB_MOVE_AND_RESIZE 35.000000 108.000000 342.000000 400.000000 1.000000
0003340000 0 BB_MOVE_AND_RESIZE 35.000000 108.000000 342.000000 400.000000 1.000000
0003350000 0 BB_MOVE_AND_RESIZE 35.000000 108.000000 342.000000 400.000000 1.000000
0003360000 0 BB_MOVE_AND_RESIZE 35.000000 108.000000 342.000000 400.000000 1.000000
0003370000 0 BB_MOVE_AND_RESIZE 35.000000 108.000000 342.000000 400.000000 1.000000
0003380000 0 BB_MOVE_AND_RESIZE 35.000000 108.000000 342.000000 400.000000 1.000000
0003390000 0 BB_MOVE_AND_RESIZE 35.000000 108.000000 342.000000 400.000000 1.000000
0003400000 0 BB_MOVE_AND_RESIZE 35.000000 108.000000 342.000000 400.000000 1.000000
0003410000 0 BB_MOVE_AND_RESIZE 35.000000 108.000000 342.000000 400.000000 1.000000
0003420000 0 BB_MOVE_AND_RESIZE 35.000000 108.000000 342.000000 400.000000 1.000000
0003430000 0 BB_MOVE_AND_RESIZE 35.000000 108.000000 342.000000 400.000000 1.000000
0003440000 0 BB_MOVE_AND_RESIZE 35.000000 108.000000 342.000000 400.000000 1.000000
0003450000 0 BB_MOVE_AND_RESIZE 35.000000 108.000000 342.000000 400.000000 1.000000
0003460000 0 BB_MOVE_AND_RESIZE 35.000000 108.000000 342.000000 400.000000 1.000000
0003470000 0 BB_MOVE_AND_RESIZE 35.000000 108.000000 342.000000 400.000000 1.000000
0003480000 0 BB_MOVE_AND_RESIZE 35.000000 108.000000 342.000000 400.000000 1.000000
0003490000 0 BB_MOVE_AND_RESIZE 35.000000 108.000000 342.000000 400.000000 1.000000
0003500000 0 BB_MOVE_AND_RESIZE 35.000000 108.000000 342.000000 400.000000 1.000000
0003510000 0 BB_MOVE_AND_RESIZE 35.000000 108.000000 342.000000 400.000000 1.000000
0003520000 0 BB_MOVE_AND_RESIZE 35.000000 108.000000 342.000000 400.000000 1.000000
0003530000 0 BB_MOVE_AND_RESIZE 35.000000 108.000000 342.000000 400.000000 1.000000
0003540000 0 BB_MOVE_AND_RESIZE 35.000000 108.000000 342.000000 400.000000 1.000000
0003550000 0 BB_MOVE_AND_RESIZE 35.000000 108.000000 342.000000 400.000000 1.000000
0003560000 0 BB_MOVE_AND_RESIZE 35.000000 108.000000 342.000000 400.000000 1.000000
0003570000 0 BB_MOVE_AND_RESIZE 35.000000 108.000000 342.000000 400.000000 1.000000
0003580000 0 BB_MOVE_AND_RESIZE 35.000000 108.000000 342.000000 400.000000 1.000000
0003590000 0 BB_MOVE_AND_RESIZE 35.000000 108.000000 342.000000 400.000000 1.000000
0003600000 0 BB_MOVE_AND_RESIZE 35.000000 108.000000 342.000000 400.000000 1.000000
0003610000 0 BB_MOVE_AND_RESIZE 35.000000 108.000000 342.000000 400.000000 1.000000
0003620000 0 BB_MOVE_AND_RESIZE 35.000000 108.000000 342.000000 400.000000 1.000000
0003630000 0 BB_MOVE_AND_RESIZE 35.000000 108.000000 342.000000 400.000000 1.000000
0003640000 0 BB_MOVE_AND_RESIZE 35.000000 108.000000 342.000000 400.000000 1.000000
0003650000 0 BB_MOVE_AND_RESIZE 35.000000 108.000000 342.000000 400.000000 1.000000
0003660000 0 BB_MOVE_AND_RESIZE 35.000000 108.000000 342.000000 400.000000 1.000000
0003670000 0 BB_MOVE_AND_RESIZE 35.000000 108.000000 342.000000 400.000000 1.000000
0003680000 0 BB_MOVE_AND_RESIZE 35.000000 108.000000 342.000000 400.000000 1.000000
0003690000 0 BB_MOVE_AND_RESIZE 35.000000 108.000000 342.000000 400.000000 1.000000
0003700000 0 BB_MOVE_AND_RESIZE 35.000000 108.000000 342.000000 400.000000 1.000000
0003710000 0 BB_MOVE_AND_RESIZE 35.000000 108.000000 342.000000 400.000000 1.000000
0003720000 0 BB_MOVE_AND_RESIZE 35.000000 108.000000 342.000000 400.000000 1.000000
0003730000 0 BB_MOVE_AND_RESIZE 35.000000 108.000000 342.000000 400.000000 1.000000
0003740000 0 BB_MOVE_AND_RESIZE 35.000000 108.000000 342.000000 400.000000 1.000000
0003750000 0 BB_MOVE_AND_RESIZE 35.000000 108.000000 342.000000 400.000000 1.000000
0003760000 0 BB_MOVE_AND_RESIZE 35.000000 108.000000 342.000000 400.000000 1.000000
0003770000 0 BB_MOVE_AND_RESIZE 35.000000 108.000000 342.000000 400.000000 1.000000
0003780000 0 BB_MOVE_AND_RESIZE 35.000000 108.000000 342.000000 400.000000 1.000000
0003790000 0 BB_MOVE_AND_RESIZE 35.000000 108.000000 342.000000 400.000000 1.000000
0003800000 0 BB_MOVE_AND_RESIZE 35.000000 108.000000 342.000000 400.000000 1.000000
0003810000 0 BB_MOVE_AND_RESIZE 35.000000 108.000000 342.000000 400.000000 1.000000
0003820000 0 BB_MOVE_AND_RESIZE 35.000000 108.000000 342.000000 400.000000 1.000000
0003830000 0 BB_MOVE_AND_RESIZE 35.000000 108.000000 342.000000 400.000000 1.000000
0003840000 0 BB_MOVE_AND_RESIZE 35.000000 108.000000 342.000000 400.000000 1.000000
0003850000 0 BB_MOVE_AND_RESIZE 35.000000 108.000000 342.000000 400.000000 1.000000
0003860000 0 BB_MOVE_AND_RESIZE 35.000000 108.000000 342.000000 400.000000 1.000000
0003870000 0 BB_MOVE_AND_RESIZE 35.000000 108.000000 342.000000 400.000000 1.000000
0003880000 0 BB_MOVE_AND_RESIZE 35.000000 108.000000 342.000000 400.000000 1.000000
