0000010000 0 BB_CREATE 2 928.000000 147.000000 316.000000 301.000000 1.000000
0000020000 0 BB_MOVE_AND_RESIZE 928.000000 147.000000 316.000000 301.000000 1.000000
0000030000 0 BB_MOVE_AND_RESIZE 928.000000 147.000000 316.000000 301.000000 1.000000
0000040000 0 BB_MOVE_AND_RESIZE 928.000000 147.000000 316.000000 301.000000 1.000000
0000050000 0 BB_MOVE_AND_RESIZE 928.000000 147.000000 316.000000 301.000000 1.000000
0000060000 0 BB_MOVE_AND_RESIZE 928.000000 147.000000 316.000000 301.000000 1.000000
0000070000 0 BB_MOVE_AND_RESIZE 928.000000 147.000000 316.000000 301.000000 1.000000
0000080000 0 BB_MOVE_AND_RESIZE 928.000000 147.000000 316.000000 301.000000 1.000000
0000090000 0 BB_MOVE_AND_RESIZE 928.000000 147.000000 316.000000 301.000000 1.000000
0000100000 0 BB_MOVE_AND_RESIZE 928.000000 147.000000 316.000000 301.000000 1.000000
0000110000 0 BB_MOVE_AND_RESIZE 928.000000 147.000000 316.000000 301.000000 1.000000
0000120000 0 BB_MOVE_AND_RESIZE 928.000000 147.000000 316.000000 301.000000 1.000000
0000130000 0 BB_MOVE_AND_RESIZE 928.000000 147.000000 316.000000 301.000000 1.000000
0000140000 0 BB_MOVE_AND_RESIZE 928.000000 147.000000 316.000000 301.000000 1.000000
0000150000 0 BB_MOVE_AND_RESIZE 928.000000 147.000000 316.000000 301.000000 1.000000
0000160000 0 BB_MOVE_AND_RESIZE 928.000000 147.000000 316.000000 301.000000 1.000000
0000170000 0 BB_MOVE_AND_RESIZE 928.000000 147.000000 316.000000 301.000000 1.000000
0000180000 0 BB_MOVE_AND_RESIZE 928.000000 147.000000 316.000000 301.000000 1.000000
0000190000 0 BB_MOVE_AND_RESIZE 928.000000 147.000000 316.000000 301.000000 1.000000
0000200000 0 BB_MOVE_AND_RESIZE 928.000000 147.000000 316.000000 301.000000 1.000000
0000210000 0 BB_MOVE_AND_RESIZE 928.000000 147.000000 316.000000 301.000000 1.000000
0000220000 0 BB_MOVE_AND_RESIZE 928.000000 147.000000 316.000000 301.000000 1.000000
0000230000 0 BB_MOVE_AND_RESIZE 928.000000 147.000000 316.000000 301.000000 1.000000
0000240000 0 BB_MOVE_AND_RESIZE 928.000000 147.000000 316.000000 301.000000 1.000000
0000250000 0 BB_MOVE_AND_RESIZE 928.000000 147.000000 316.000000 301.000000 1.000000
0000260000 0 BB_MOVE_AND_RESIZE 928.000000 147.000000 316.000000 301.000000 1.000000
0000270000 0 BB_MOVE_AND_RESIZE 928.000000 147.000000 316.000000 301.000000 1.000000
0000280000 0 BB_MOVE_AND_RESIZE 928.000000 147.000000 316.000000 301.000000 1.000000
0000290000 0 BB_MOVE_AND_RESIZE 928.000000 147.000000 316.000000 301.000000 1.000000
0000300000 0 BB_MOVE_AND_RESIZE 928.000000 147.000000 316.000000 301.000000 1.000000
0000310000 0 BB_MOVE_AND_RESIZE 928.000000 147.000000 316.000000 301.000000 1.000000
0000320000 0 BB_MOVE_AND_RESIZE 928.000000 147.000000 316.000000 301.000000 1.000000
0000330000 0 BB_MOVE_AND_RESIZE 928.000000 147.000000 316.000000 301.000000 1.000000
0000340000 0 BB_MOVE_AND_RESIZE 928.000000 147.000000 316.000000 301.000000 1.000000
0000350000 0 BB_MOVE_AND_RESIZE 928.000000 147.000000 316.000000 301.000000 1.000000
0000360000 0 BB_MOVE_AND_RESIZE 928.000000 147.000000 316.000000 301.000000 1.000000
0000370000 0 BB_MOVE_AND_RESIZE 928.000000 147.000000 316.000000 301.000000 1.000000
0000380000 0 BB_MOVE_AND_RESIZE 928.000000 147.000000 316.000000 301.000000 1.000000
0000390000 0 BB_MOVE_AND_RESIZE 928.000000 147.000000 316.000000 301.000000 1.000000
0000400000 0 BB_MOVE_AND_RESIZE 928.000000 147.000000 316.000000 301.000000 1.000000
0000410000 0 BB_MOVE_AND_RESIZE 928.000000 147.000000 316.000000 301.000000 1.000000
0000420000 0 BB_MOVE_AND_RESIZE 928.000000 147.000000 316.000000 301.000000 1.000000
0000430000 0 BB_MOVE_AND_RESIZE 928.000000 147.000000 316.000000 301.000000 1.000000
0000440000 0 BB_MOVE_AND_RESIZE 928.000000 147.000000 316.000000 301.000000 1.000000
0000450000 0 BB_MOVE_AND_RESIZE 928.000000 147.000000 316.000000 301.000000 1.000000
0000460000 0 BB_MOVE_AND_RESIZE 928.000000 147.000000 316.000000 301.000000 1.000000
0000470000 0 BB_MOVE_AND_RESIZE 928.000000 147.000000 316.000000 301.000000 1.000000
0000480000 0 BB_MOVE_AND_RESIZE 928.000000 147.000000 316.000000 301.000000 1.000000
0000490000 0 BB_MOVE_AND_RESIZE 928.000000 147.000000 316.000000 301.000000 1.000000
0000500000 0 BB_MOVE_AND_RESIZE 928.000000 147.000000 316.000000 301.000000 1.000000
0000510000 0 BB_MOVE_AND_RESIZE 928.000000 147.000000 316.000000 301.000000 1.000000
0000520000 0 BB_MOVE_AND_RESIZE 928.000000 147.000000 316.000000 301.000000 1.000000
0000530000 0 BB_MOVE_AND_RESIZE 928.000000 147.000000 316.000000 301.000000 1.000000
0000540000 0 BB_MOVE_AND_RESIZE 928.000000 147.000000 316.000000 301.000000 1.000000
0000550000 0 BB_MOVE_AND_RESIZE 928.000000 147.000000 316.000000 301.000000 1.000000
0000560000 0 BB_MOVE_AND_RESIZE 928.000000 147.000000 316.000000 301.000000 1.000000
0000570000 0 BB_MOVE_AND_RESIZE 928.000000 147.000000 316.000000 301.000000 1.000000
0000580000 0 BB_MOVE_AND_RESIZE 928.000000 147.000000 316.000000 301.000000 1.000000
0000590000 0 BB_MOVE_AND_RESIZE 928.000000 147.000000 316.000000 301.000000 1.000000
0000600000 0 BB_MOVE_AND_RESIZE 928.000000 147.000000 316.000000 301.000000 1.000000
0000610000 0 BB_MOVE_AND_RESIZE 928.000000 147.000000 316.000000 301.000000 1.000000
0000620000 0 BB_MOVE_AND_RESIZE 928.000000 147.000000 316.000000 301.000000 1.000000
0000630000 0 BB_MOVE_AND_RESIZE 928.000000 147.000000 316.000000 301.000000 1.000000
0000640000 0 BB_MOVE_AND_RESIZE 928.000000 147.000000 316.000000 301.000000 1.000000
0000650000 0 BB_MOVE_AND_RESIZE 928.000000 147.000000 316.000000 301.000000 1.000000
0000660000 0 BB_MOVE_AND_RESIZE 928.000000 147.000000 316.000000 301.000000 1.000000
0000670000 0 BB_MOVE_AND_RESIZE 928.000000 147.000000 316.000000 301.000000 1.000000
0000680000 0 BB_MOVE_AND_RESIZE 928.000000 147.000000 316.000000 301.000000 1.000000
0000690000 0 BB_MOVE_AND_RESIZE 928.000000 147.000000 316.000000 301.000000 1.000000
0000700000 0 BB_MOVE_AND_RESIZE 928.000000 147.000000 316.000000 301.000000 1.000000
0000710000 0 BB_MOVE_AND_RESIZE 928.000000 147.000000 316.000000 301.000000 1.000000
0000720000 0 BB_MOVE_AND_RESIZE 928.000000 147.000000 316.000000 301.000000 1.000000
0000730000 0 BB_MOVE_AND_RESIZE 928.000000 147.000000 316.000000 301.000000 1.000000
0000740000 0 BB_MOVE_AND_RESIZE 928.000000 147.000000 316.000000 301.000000 1.000000
0000750000 0 BB_MOVE_AND_RESIZE 928.000000 147.000000 316.000000 301.000000 1.000000
0000760000 0 BB_MOVE_AND_RESIZE 928.000000 147.000000 316.000000 301.000000 1.000000
0000770000 0 BB_MOVE_AND_RESIZE 928.000000 147.000000 316.000000 301.000000 1.000000
0000780000 0 BB_MOVE_AND_RESIZE 928.000000 147.000000 316.000000 301.000000 1.000000
0000790000 0 BB_MOVE_AND_RESIZE 928.000000 147.000000 316.000000 301.000000 1.000000
0000800000 0 BB_MOVE_AND_RESIZE 928.000000 147.000000 316.000000 301.000000 1.000000
0000810000 0 BB_MOVE_AND_RESIZE 928.000000 147.000000 316.000000 301.000000 1.000000
0000820000 0 BB_MOVE_AND_RESIZE 928.000000 147.000000 316.000000 301.000000 1.000000
0000830000 0 BB_MOVE_AND_RESIZE 928.000000 147.000000 316.000000 301.000000 1.000000
0000840000 0 BB_MOVE_AND_RESIZE 928.000000 147.000000 316.000000 301.000000 1.000000
0000850000 0 BB_MOVE_AND_RESIZE 928.000000 147.000000 316.000000 301.000000 1.000000
0000860000 0 BB_MOVE_AND_RESIZE 928.000000 147.000000 316.000000 301.000000 1.000000
0000870000 0 BB_MOVE_AND_RESIZE 928.000000 147.000000 316.000000 301.000000 1.000000
0000880000 0 BB_MOVE_AND_RESIZE 928.000000 147.000000 316.000000 301.000000 1.000000
0000890000 0 BB_MOVE_AND_RESIZE 928.000000 147.000000 316.000000 301.000000 1.000000
0000900000 0 BB_MOVE_AND_RESIZE 928.000000 147.000000 316.000000 301.000000 1.000000
0000910000 0 BB_MOVE_AND_RESIZE 928.000000 147.000000 316.000000 301.000000 1.000000
0000920000 0 BB_MOVE_AND_RESIZE 928.000000 147.000000 316.000000 301.000000 1.000000
0000930000 0 BB_MOVE_AND_RESIZE 928.000000 147.000000 316.000000 301.000000 1.000000
0000940000 0 BB_MOVE_AND_RESIZE 928.000000 147.000000 316.000000 301.000000 1.000000
0000950000 0 BB_MOVE_AND_RESIZE 928.000000 147.000000 316.000000 301.000000 1.000000
0000960000 0 BB_MOVE_AND_RESIZE 928.000000 147.000000 316.000000 301.000000 1.000000
0000970000 0 BB_MOVE_AND_RESIZE 928.000000 147.000000 316.000000 301.000000 1.000000
0000980000 0 BB_MOVE_AND_RESIZE 928.000000 147.000000 316.000000 301.000000 1.000000
0000990000 0 BB_MOVE_AND_RESIZE 928.000000 147.000000 316.000000 301.000000 1.000000
0001000000 0 BB_MOVE_AND_RESIZE 928.000000 147.000000 316.000000 301.000000 1.000000
0001010000 0 BB_MOVE_AND_RESIZE 928.000000 147.000000 316.000000 301.000000 1.000000
0001020000 0 BB_MOVE_AND_RESIZE 928.000000 147.000000 316.000000 301.000000 1.000000
0001030000 0 BB_MOVE_AND_RESIZE 928.000000 147.000000 316.000000 301.000000 1.000000
0001040000 0 BB_MOVE_AND_RESIZE 928.000000 147.000000 316.000000 301.000000 1.000000
0001050000 0 BB_MOVE_AND_RESIZE 928.000000 147.000000 316.000000 301.000000 1.000000
0001060000 0 BB_MOVE_AND_RESIZE 928.000000 147.000000 316.000000 301.000000 1.000000
0001070000 0 BB_MOVE_AND_RESIZE 928.000000 147.000000 316.000000 301.000000 1.000000
0001080000 0 BB_MOVE_AND_RESIZE 928.000000 147.000000 316.000000 301.000000 1.000000
0001090000 0 BB_MOVE_AND_RESIZE 928.000000 147.000000 316.000000 301.000000 1.000000
0001100000 0 BB_MOVE_AND_RESIZE 928.000000 147.000000 316.000000 301.000000 1.000000
0001110000 0 BB_MOVE_AND_RESIZE 928.000000 147.000000 316.000000 301.000000 1.000000
0001120000 0 BB_MOVE_AND_RESIZE 928.000000 147.000000 316.000000 301.000000 1.000000
0001130000 0 BB_MOVE_AND_RESIZE 928.000000 147.000000 316.000000 301.000000 1.000000
0001140000 0 BB_MOVE_AND_RESIZE 928.000000 147.000000 316.000000 301.000000 1.000000
0001150000 0 BB_MOVE_AND_RESIZE 928.000000 147.000000 316.000000 301.000000 1.000000
0001160000 0 BB_MOVE_AND_RESIZE 928.000000 147.000000 316.000000 301.000000 1.000000
0001170000 0 BB_MOVE_AND_RESIZE 928.000000 147.000000 316.000000 301.000000 1.000000
0001180000 0 BB_MOVE_AND_RESIZE 928.000000 147.000000 316.000000 301.000000 1.000000
0001190000 0 BB_MOVE_AND_RESIZE 928.000000 147.000000 316.000000 301.000000 1.000000
0001200000 0 BB_MOVE_AND_RESIZE 928.000000 147.000000 316.000000 301.000000 1.000000
0001210000 0 BB_MOVE_AND_RESIZE 928.000000 147.000000 316.000000 301.000000 1.000000
0001220000 0 BB_MOVE_AND_RESIZE 928.000000 147.000000 316.000000 301.000000 1.000000
0001230000 0 BB_MOVE_AND_RESIZE 928.000000 147.000000 316.000000 301.000000 1.000000
0001240000 0 BB_MOVE_AND_RESIZE 928.000000 147.000000 316.000000 301.000000 1.000000
0001250000 0 BB_MOVE_AND_RESIZE 928.000000 147.000000 316.000000 301.000000 1.000000
0001260000 0 BB_MOVE_AND_RESIZE 928.000000 147.000000 316.000000 301.000000 1.000000
0001270000 0 BB_MOVE_AND_RESIZE 928.000000 147.000000 316.000000 301.000000 1.000000
0001280000 0 BB_MOVE_AND_RESIZE 928.000000 147.000000 316.000000 301.000000 1.000000
0001290000 0 BB_MOVE_AND_RESIZE 928.000000 147.000000 316.000000 301.000000 1.000000
0001300000 0 BB_MOVE_AND_RESIZE 928.000000 147.000000 316.000000 301.000000 1.000000
0001310000 0 BB_MOVE_AND_RESIZE 928.000000 147.000000 316.000000 301.000000 1.000000
0001320000 0 BB_MOVE_AND_RESIZE 928.000000 147.000000 316.000000 301.000000 1.000000
0001330000 0 BB_MOVE_AND_RESIZE 928.000000 147.000000 316.000000 301.000000 1.000000
0001340000 0 BB_MOVE_AND_RESIZE 928.000000 147.000000 316.000000 301.000000 1.000000
0001350000 0 BB_MOVE_AND_RESIZE 928.000000 147.000000 316.000000 301.000000 1.000000
0001360000 0 BB_MOVE_AND_RESIZE 928.000000 147.000000 316.000000 301.000000 1.000000
0001370000 0 BB_MOVE_AND_RESIZE 928.000000 147.000000 316.000000 301.000000 1.000000
0001380000 0 BB_MOVE_AND_RESIZE 928.000000 147.000000 316.000000 301.000000 1.000000
0001390000 0 BB_MOVE_AND_RESIZE 928.000000 147.000000 316.000000 301.000000 1.000000
0001400000 0 BB_MOVE_AND_RESIZE 928.000000 147.000000 316.000000 301.000000 1.000000
0001410000 0 BB_MOVE_AND_RESIZE 928.000000 147.000000 316.000000 301.000000 1.000000
0001420000 0 BB_MOVE_AND_RESIZE 928.000000 147.000000 316.000000 301.000000 1.000000
0001430000 0 BB_MOVE_AND_RESIZE 928.000000 147.000000 316.000000 301.000000 1.000000
0001440000 0 BB_MOVE_AND_RESIZE 928.000000 147.000000 316.000000 301.000000 1.000000
0001450000 0 BB_MOVE_AND_RESIZE 928.000000 147.000000 316.000000 301.000000 1.000000
0001460000 0 BB_MOVE_AND_RESIZE 928.000000 147.000000 316.000000 301.000000 1.000000
0001470000 0 BB_MOVE_AND_RESIZE 928.000000 147.000000 316.000000 301.000000 1.000000
0001480000 0 BB_MOVE_AND_RESIZE 928.000000 147.000000 316.000000 301.000000 1.000000
0001490000 0 BB_MOVE_AND_RESIZE 928.000000 147.000000 316.000000 301.000000 1.000000
0001500000 0 BB_MOVE_AND_RESIZE 928.000000 147.000000 316.000000 301.000000 1.000000
0001510000 0 BB_MOVE_AND_RESIZE 928.000000 147.000000 316.000000 301.000000 1.000000
0001520000 0 BB_MOVE_AND_RESIZE 928.000000 147.000000 316.000000 301.000000 1.000000
0001530000 0 BB_MOVE_AND_RESIZE 928.000000 147.000000 316.000000 301.000000 1.000000
0001540000 0 BB_MOVE_AND_RESIZE 928.000000 147.000000 316.000000 301.000000 1.000000
0001550000 0 BB_MOVE_AND_RESIZE 928.000000 147.000000 316.000000 301.000000 1.000000
0001560000 0 BB_MOVE_AND_RESIZE 928.000000 147.000000 316.000000 301.000000 1.000000
0001570000 0 BB_MOVE_AND_RESIZE 928.000000 147.000000 316.000000 301.000000 1.000000
0001580000 0 BB_MOVE_AND_RESIZE 928.000000 147.000000 316.000000 301.000000 1.000000
0001590000 0 BB_MOVE_AND_RESIZE 928.000000 147.000000 316.000000 301.000000 1.000000
0001600000 0 BB_MOVE_AND_RESIZE 928.000000 147.000000 316.000000 301.000000 1.000000
0001610000 0 BB_MOVE_AND_RESIZE 928.000000 147.000000 316.000000 301.000000 1.000000
0001620000 0 BB_MOVE_AND_RESIZE 928.000000 147.000000 316.000000 301.000000 1.000000
0001630000 0 BB_MOVE_AND_RESIZE 928.000000 147.000000 316.000000 301.000000 1.000000
0001640000 0 BB_MOVE_AND_RESIZE 928.000000 147.000000 316.000000 301.000000 1.000000
0001650000 0 BB_MOVE_AND_RESIZE 928.000000 147.000000 316.000000 301.000000 1.000000
0001660000 0 BB_MOVE_AND_RESIZE 928.000000 147.000000 316.000000 301.000000 1.000000
0001670000 0 BB_MOVE_AND_RESIZE 928.000000 147.000000 316.000000 301.000000 1.000000
0001680000 0 BB_MOVE_AND_RESIZE 928.000000 147.000000 316.000000 301.000000 1.000000
0001690000 0 BB_MOVE_AND_RESIZE 928.000000 147.000000 316.000000 301.000000 1.000000
0001700000 0 BB_MOVE_AND_RESIZE 928.000000 147.000000 316.000000 301.000000 1.000000
0001710000 0 BB_MOVE_AND_RESIZE 928.000000 147.000000 316.000000 301.000000 1.000000
0001720000 0 BB_MOVE_AND_RESIZE 928.000000 147.000000 316.000000 301.000000 1.000000
0001730000 0 BB_MOVE_AND_RESIZE 928.000000 147.000000 316.000000 301.000000 1.000000
0001740000 0 BB_MOVE_AND_RESIZE 928.000000 147.000000 316.000000 301.000000 1.000000
0001750000 0 BB_MOVE_AND_RESIZE 928.000000 147.000000 316.000000 301.000000 1.000000
0001760000 0 BB_MOVE_AND_RESIZE 928.000000 147.000000 316.000000 301.000000 1.000000
0001770000 0 BB_MOVE_AND_RESIZE 928.000000 147.000000 316.000000 301.000000 1.000000
0001780000 0 BB_MOVE_AND_RESIZE 928.000000 147.000000 316.000000 301.000000 1.000000
0001790000 0 BB_MOVE_AND_RESIZE 928.000000 147.000000 316.000000 301.000000 1.000000
0001800000 0 BB_MOVE_AND_RESIZE 928.000000 147.000000 316.000000 301.000000 1.000000
0001810000 0 BB_MOVE_AND_RESIZE 928.000000 147.000000 316.000000 301.000000 1.000000
0001820000 0 BB_MOVE_AND_RESIZE 928.000000 147.000000 316.000000 301.000000 1.000000
0001830000 0 BB_MOVE_AND_RESIZE 928.000000 147.000000 316.000000 301.000000 1.000000
0001840000 0 BB_MOVE_AND_RESIZE 928.000000 147.000000 316.000000 301.000000 1.000000
0001850000 0 BB_MOVE_AND_RESIZE 928.000000 147.000000 316.000000 301.000000 1.000000
0001860000 0 BB_MOVE_AND_RESIZE 928.000000 147.000000 316.000000 301.000000 1.000000
0001870000 0 BB_MOVE_AND_RESIZE 928.000000 147.000000 316.000000 301.000000 1.000000
0001880000 0 BB_MOVE_AND_RESIZE 928.000000 147.000000 316.000000 301.000000 1.000000
0001890000 0 BB_MOVE_AND_RESIZE 928.000000 147.000000 316.000000 301.000000 1.000000
0001900000 0 BB_MOVE_AND_RESIZE 928.000000 147.000000 316.000000 301.000000 1.000000
0001910000 0 BB_MOVE_AND_RESIZE 928.000000 147.000000 316.000000 301.000000 1.000000
0001920000 0 BB_MOVE_AND_RESIZE 928.000000 147.000000 316.000000 301.000000 1.000000
0001930000 0 BB_MOVE_AND_RESIZE 928.000000 147.000000 316.000000 301.000000 1.000000
0001940000 0 BB_MOVE_AND_RESIZE 928.000000 147.000000 316.000000 301.000000 1.000000
0001950000 0 BB_MOVE_AND_RESIZE 928.000000 147.000000 316.000000 301.000000 1.000000
0001960000 0 BB_MOVE_AND_RESIZE 928.000000 147.000000 316.000000 301.000000 1.000000
0001970000 0 BB_MOVE_AND_RESIZE 928.000000 147.000000 316.000000 301.000000 1.000000
0001980000 0 BB_MOVE_AND_RESIZE 928.000000 147.000000 316.000000 301.000000 1.000000
0001990000 0 BB_MOVE_AND_RESIZE 928.000000 147.000000 316.000000 301.000000 1.000000
0002000000 0 BB_MOVE_AND_RESIZE 928.000000 147.000000 316.000000 301.000000 1.000000
0002010000 0 BB_MOVE_AND_RESIZE 928.000000 147.000000 316.000000 301.000000 1.000000
0002020000 0 BB_MOVE_AND_RESIZE 928.000000 147.000000 316.000000 301.000000 1.000000
0002030000 0 BB_MOVE_AND_RESIZE 928.000000 147.000000 316.000000 301.000000 1.000000
0002040000 0 BB_MOVE_AND_RESIZE 928.000000 147.000000 316.000000 301.000000 1.000000
0002050000 0 BB_MOVE_AND_RESIZE 928.000000 147.000000 316.000000 301.000000 1.000000
0002060000 0 BB_MOVE_AND_RESIZE 928.000000 147.000000 316.000000 301.000000 1.000000
0002070000 0 BB_MOVE_AND_RESIZE 928.000000 147.000000 316.000000 301.000000 1.000000
0002080000 0 BB_MOVE_AND_RESIZE 928.000000 147.000000 316.000000 301.000000 1.000000
0002090000 0 BB_MOVE_AND_RESIZE 928.000000 147.000000 316.000000 301.000000 1.000000
